0.00406860404926927 0.2359959235720552
0.004044048434852211 0.2357951415155355
0.004078069138207001 0.236212205505825
0.004334363161265633 0.23756611936377572
0.0040365728458515585 0.23556633225049337
0.0040314969055286025 0.2354719680661947
0.004015327878787112 0.2354363324760436
0.004161199183523689 0.23686326840050412
0.004249727551798025 0.2374434601491933
0.004166057985425948 0.2369361889584702
0.004168255718235459 0.23693952647591923
0.004054571980196979 0.23585329862614512
0.0040969291297691494 0.23642673824631213
0.004196865650799381 0.23730431842765465
0.0040374954035155685 0.23560738558553995
0.004041070666365132 0.2356441836437127
0.004045603616878631 0.23582740229107726
0.004070970197164176 0.23600187172571
0.004066555584771306 0.2359504516180677
0.004079557072520798 0.23621492314013817
0.00413573517119976 0.23675936341567144
