0.004053848970845214 0.23521429746836692
0.004044518780717773 0.23512539352781406
0.00407878517105114 0.23548811725465188
0.004194318930666187 0.23662525874720008
0.004079275911810631 0.23551859246821588
0.004082549634634707 0.23557195639920145
0.004254089319938057 0.236960155893359
0.004302871376470408 0.23709552042550927
0.004077195343902434 0.23543529630131466
0.004054425334528326 0.2352650394061532
0.004113980000785356 0.23606078087707097
0.004127221569484449 0.23609306833130658
0.0043638482682879535 0.23737451495612877
0.0043181863360108085 0.23720043308240724
0.004262897166887963 0.2369831504061882
0.004281007573699493 0.2370432893119958
0.004297836623072423 0.23706239720754987
0.004134822762684344 0.23609583965410716
0.004339602967445733 0.23723808021341541
0.004040642720018628 0.23510900668817203
0.004047164028719373 0.23516345058481325
0.004246404768178304 0.23693909223324405
0.004263002118573704 0.2370220925796173
0.004094794893615693 0.23566521766200457
0.004111709600524847 0.23602983914532855
0.00408627621965072 0.2356480608088584
0.0040703943333689025 0.23540221143147363
0.004174941281038534 0.23657011845866646
0.004139012057377788 0.23625134280628082
0.004155430879563484 0.2362996938937769
0.004060234391164151 0.23533277404560798
0.004146202537672823 0.23625149008578766
0.004058039906965286 0.2353238731889318
0.004068982875303944 0.23534723000325372
0.004216439469964586 0.23679815776572433
0.004099979029803658 0.23593310727673242
0.0041664436142494765 0.23642274529352694
0.004035578934850921 0.23501482955930214
0.004359935250287519 0.23732994721351716
0.004363688192155174 0.23733400334487353
0.004100606358099102 0.23601836666640685
0.00416837985161636 0.23650615636331065
