0.004175982848595724 0.2362778762303528
0.0041917856220657175 0.23647778159835733
0.004120771377806926 0.2359667245611887
0.004062837541078002 0.23516002377697123
0.00407644690430233 0.23522758474573036
0.004270839454480267 0.23679282073435362
0.004238554011810844 0.2366409709768637
0.00410422756931666 0.2354746079077713
0.004084334412934817 0.23544220338140603
0.004109211831814525 0.23595936696430037
0.004108172132205622 0.23576894092444323
0.004109784827810315 0.23596204962018735
0.004105530185940499 0.23572093251389964
0.004076788175500121 0.23523992023519857
0.004074256663952102 0.23521050158109294
0.004046525109699022 0.23485816884409424
0.004257197186078409 0.23671576358395852
0.004135842472496547 0.23597960512266414
0.004078169003030252 0.235288642018374
0.0040836053796106655 0.23539261861795951
0.004296885338076139 0.23685335153235187
0.004065536344145266 0.23517332704569321
0.004048276831212486 0.23489308976049697
0.004121384160190409 0.23597580049192976
0.00413906880939487 0.23598971551239079
0.00415990968444589 0.23603564574434713
0.004145119371695029 0.23601539514995493
0.0041359209366283 0.23598781295889415
0.004081959600831413 0.2353484664103112
0.00408228145375228 0.23536140288239912
0.004057340348103315 0.23504141297223213
0.004332331298951129 0.23702355850219323
