0.0040809798504762166 0.23523211063357158
0.004097438391949512 0.23532363020732372
0.004103740642424387 0.23532628795390556
0.004063945854183039 0.2350200194831025
0.00419114025545712 0.23608653317018824
0.004133140630258515 0.23581573172531514
0.00421936043004537 0.2364733048392442
0.004109933812345872 0.23549805196696033
0.0041312684111569666 0.23580044438819245
0.004290993109597545 0.23667469127431784
0.004200776774092833 0.23627381715418366
0.004210323368029917 0.23630290404478924
0.004094091905588581 0.23531710411220436
0.004165715501467059 0.23598625213239283
0.004279346815131265 0.2366219735502797
0.00408221353074639 0.2352430419060229
0.004079775360964644 0.23523099026953098
0.004116571617606757 0.23576297293238666
0.0041049275898313795 0.23534472177929278
0.004218969211263818 0.2363902463452642
0.0042566371731403135 0.2365941365865999
0.004087860380119644 0.23526605734395334
0.004152241269103221 0.23590598593714027
0.004307583866301256 0.2367551640275273
0.004112518080568937 0.23575235518598614
