0.004151436662720546 0.2356862995034492
0.0042715898116010564 0.2364271753772472
0.004103845852355749 0.23523683438909254
0.00411601504247202 0.23567342851150463
0.004113932112704869 0.2356713603522506
0.004116107718320646 0.23568067682854826
0.004199433795436492 0.23594080565519054
0.004113302956688612 0.23551462381933588
0.00428411742504395 0.23656725647679233
0.004170040777951351 0.23587814452484815
0.004179999829428559 0.23590140755301758
0.004247020393793756 0.23641269086722502
0.0042002354343686895 0.23595402707427304
0.004224095661888917 0.23611729363467676
0.004075425168826913 0.23485975192706654
0.004090001999689412 0.23522777025453506
0.0040822446119428 0.23509828329399218
0.004087058885224478 0.23520035113795787
0.004246996326313663 0.23630618041800228
0.004211303985928061 0.23604206258899016
0.004111729237392996 0.2353123035545286
0.004077156643799408 0.23488551279546993
0.004242624558698618 0.23624107508650022
0.004079687130739381 0.23490902925317722
