0.004318467539890578 0.2398034427478694
0.004337904159093208 0.24003270555335682
0.004125979005038465 0.23786517170521984
0.003983095193247834 0.2359600432584389
0.003955473451272359 0.23591187898846666
0.0043180836818988025 0.23977228552155605
0.004209664510699539 0.23833209380915774
0.004042453702066261 0.23676235055690878
0.004039035224997018 0.23674256899075752
0.003988630950275811 0.236205979016647
0.003921206698645566 0.23516904302722288
0.0039055318476535037 0.23511562598235344
0.004042681615145098 0.2377297116277167
0.0041495052469331245 0.23804374291897026
0.004017112255066245 0.23648788398138942
0.004014836668532416 0.2363302767416146
0.003977140893368216 0.2359253703654812
0.003947043312216584 0.2358769966516319
0.003921695133911452 0.2357340156796483
0.003984222184421518 0.23602741040260847
