0.004005925022770421 0.2358664499958541
0.00424789661965027 0.23787050255409253
0.003952422196605711 0.23487276324244935
0.004075903724204908 0.2371796627970928
0.004034493520148065 0.2360333176989203
0.004057254622273333 0.2369810920988942
0.004022140095281327 0.23601543324979188
0.00400243215330316 0.2356657743886174
0.004013909742608478 0.23600400992168993
0.0042682562187789114 0.23787969650206775
0.004153076547447183 0.23778723158390394
0.004126547542468723 0.23747265480154653
0.004152864626115078 0.23775400803018382
0.004010945155186111 0.23593579094222117
0.003972006409566338 0.23552790376575042
0.004037879876023259 0.23633010448342606
0.0041256518893432554 0.23733946469928058
0.004302639974545882 0.23802923365241585
