0.00402316068175793 0.23558650437212117
0.00402139767813741 0.23557897114244525
0.004014786653514283 0.2355569167031344
0.00400611844974271 0.23494745536011313
0.004008415393496612 0.23495177271879936
0.004004364801785251 0.23493426520454014
0.004144844420671649 0.23684777793741735
0.00422511563525473 0.23734817260944416
0.004227522497979883 0.23739900379918508
0.0040367615236416195 0.2358549069911642
0.004411308636665948 0.23785490990778074
0.004326212176770355 0.23768744522512167
0.004065730904593403 0.23600726006252443
0.0040730296319398075 0.2362373481911894
0.00424448651421873 0.23758686801105092
0.0041577996963066775 0.2371358564704072
0.004153896587056657 0.23713153307221727
0.004180786563726391 0.23721991387244534
0.004168915286763813 0.23713981584542632
0.004125536162773362 0.2368162767550487
0.004290346652240534 0.2376785153150396
0.004189427843210685 0.2373256290638146
0.004083509186285005 0.23627883057716992
0.004088866130211699 0.23629383469308682
0.004092706698222164 0.236493727353514
