0.0040676082242354335 0.24287591304596803
0.004025106288194125 0.24395761227058413
0.004029400435165805 0.244158471843593
0.004029399664594212 0.24415850287773816
0.004009502952077953 0.2433526572747855
0.004019072657624626 0.2439822815125662
0.004018845970220616 0.2443039858528905
0.004024473393723774 0.24453899975908366
0.003975766495847984 0.24439083304398382
0.004057234423622998 0.24393637171296237
0.004005544234114341 0.24427692685541721
0.004019128318700356 0.24429515770341637
0.004044036414720498 0.24343424931427976
0.004041453788883231 0.24350229700475964
0.004032218616310185 0.24363774242136407
0.003966053876759757 0.2476446168643658
0.0040574015029944625 0.24337990230171183
0.0040219948257329725 0.24395643128312935
0.0039702121680609105 0.24503573730773845
0.004004122675853606 0.24449674546658545
0.0040151568046632915 0.24382335316138393
0.004005568658785072 0.2441352354575692
0.003982141971141905 0.2440422965129712
0.003987656996517418 0.24383958698443214
0.0040087424931436735 0.24412334136351055
0.003998481944359593 0.24432175481758864
0.004009181427403394 0.24418597316161228
0.004012569009939572 0.24404679331240461
0.004012883541440229 0.24434534555451526
0.0040139822531168 0.24437817386404231
0.0040209378907215204 0.24456439578299685
0.0040125107835792 0.24413940855919233
0.00397187856903868 0.2448729081761567
0.00400640591285945 0.24472316284708584
0.0040083841879286815 0.24432156129358434
0.00400224413295324 0.24390396887954321
0.004019917323073289 0.24424029958049734
0.004020748029038766 0.24408951192335282
0.004006142249987301 0.244286772558755
0.004005054505737501 0.24417098337020213
0.004024183906532734 0.24408311403302485
0.004011020650635813 0.24413837609255604
0.0040157356582643244 0.2442682068754283
0.004014172787239999 0.24423709280849082
0.0040240881958652375 0.24488313316690805
0.003998395189991571 0.2445387732351864
0.004018531281755421 0.24396246848089512
0.004017885372036508 0.24418470377477972
0.003957180681234318 0.24496649596420078
0.0039590719976603655 0.24496630899415836
0.003993518069892579 0.2445433173569642
0.0040047964544639 0.244454678749769
0.004117454245625496 0.2477463345110134
0.004022821496776343 0.24435678440590933
0.004001233126041419 0.24403584156465447
0.004025450843262849 0.2435693891237494
0.0040118114827387315 0.2443375287188912
0.00399064034259852 0.2445735907363597
0.004015075939510906 0.24428268814378423
0.00401329507724528 0.24427945243334806
0.003963621777572837 0.24426458828887776
0.003897177102334085 0.24436499232248415
0.004004253966182674 0.24426972416169193
0.004003258269740892 0.2444029251478663
0.00402399480938494 0.24347594463291747
0.00403571892996821 0.24370178596994527
0.004006471757966442 0.24432884270296334
0.004007999035969907 0.24440762813278702
0.004009145571611771 0.24414907887053156
0.0040115029261877985 0.24412539829233149
0.004051232080497038 0.24481626174907375
0.004021586917706602 0.2440484543204495
0.003991045994537194 0.2445580490639339
0.004002196973077266 0.24436917191196136
0.004015049734180229 0.24441001442640878
0.00393993574518034 0.24347729273421054
0.003993449048813607 0.2445446703606724
0.003999519662727651 0.24450464217172524
0.003987546549889643 0.24463835020090197
0.003979628693749921 0.24476461387226264
0.004002170064383704 0.24409686511246895
0.003998417069133843 0.24400575726029092
0.004054212379321581 0.245006366687828
0.00403078245821789 0.24489764231757136
0.0040181376234362355 0.24431812163976407
0.004017586508938481 0.24430577029996273
0.004008789381635957 0.24432077860876653
0.004012652354377725 0.24432805079240014
0.004013392551121897 0.24440880884817562
0.00404284391732255 0.24467112933568932
0.0039665693851085124 0.24481033163310578
0.004018728767737502 0.24405529895032707
0.003979601044699349 0.24458786145818875
0.003975134063267941 0.2447072947382892
0.004026254750287463 0.24444164396235815
0.0040166902007894145 0.24368332318211294
0.004006205227130412 0.24431405410086046
0.004023771240197628 0.24420111193023872
0.0040165300126193595 0.24423507577259393
0.004020088973983808 0.2442029497344756
