0.004069802073090882 0.2348951263826003
0.004084747499398139 0.23495694887373228
0.004113159430194175 0.2350756530601011
0.00410374214070491 0.2350219381014204
0.004139142246293089 0.23516116393588954
0.0040867977700509645 0.23501452969555012
0.004200809359137658 0.2354914804866984
0.00413573517119976 0.23675936341567144
0.004166423051681741 0.23730539938229928
0.004150991463875051 0.23716679686838188
0.004212013564517308 0.2376407944767563
0.004106428051113916 0.23493700626210046
0.004067360259285418 0.2348494259369271
0.004254050211682763 0.2358424408633146
0.0041757847666407735 0.23545677681157226
0.004155855861770316 0.2349892818505534
0.004161566946230728 0.2350564015578748
0.0040953824350561585 0.2349251784655519
0.004079687130739381 0.23490902925317722
0.0040727693632239435 0.23490545316878997
0.004091320859314719 0.23491897276056045
0.00417510200096116 0.23530635211809317
0.004238951798418036 0.23551786998845906
0.004311478364912298 0.2357692575833356
0.004293394611420389 0.2357486979177913
0.004259660020962407 0.23569238338271847
0.0043268755049929615 0.23586714702196343
0.004333411114442226 0.23591985811408828
0.0043348742262410995 0.23609247830477642
0.004213724794404635 0.23547546512619708
0.004252150038308409 0.2355796383753978
0.0040541909144315436 0.23554490286096655
0.004075064560734526 0.23562795295752834
0.004113047043367373 0.23595570589987816
0.004083197830160117 0.2357127106648709
0.004112518080568937 0.23575235518598614
0.004182347485953931 0.2367638653746021
0.004067080438602728 0.23629239451542733
0.00416837985161636 0.23650615636331065
0.004004116935278225 0.23611040308582645
0.004092706698222164 0.236493727353514
0.004062431317204701 0.23619736515956963
0.004088866130211699 0.23629383469308682
0.0040577428836045685 0.23618874761917
0.0038941571497939373 0.23581702722799774
0.004100606358099102 0.23601836666640685
0.004080428311651465 0.23592699691089256
0.004307583866301256 0.2367551640275273
0.004332331298951129 0.23702355850219323
0.004249236007477183 0.23626114635948192
0.004250190469514849 0.2363685322134446
0.004267673664344334 0.23654903091068233
0.004314688100810482 0.23693352106832566
0.004350197261560204 0.23716986136334262
0.004363688192155174 0.23733400334487353
0.004359935250287519 0.23732994721351716
0.004242624558698618 0.23624107508650022
0.004283809434685825 0.23657508942119948
0.004264124314267287 0.23637509560789782
0.004124631500171423 0.2351631316266785
0.004307399888344684 0.23637806238462336
0.004134251517059564 0.23521296947129886
0.004122933574304382 0.23512338628429094
0.0042472850037652546 0.23568086092202112
0.004195360442638756 0.23559255342389865
0.004286132865421778 0.2363457838301711
0.004273212021629376 0.2362955872557221
0.004170491591974524 0.23531084945196562
0.004190862501045078 0.23536911195212187
0.0038999998129203525 0.23582394332159468
0.0038917379241623406 0.23581948223294838
0.004148043723437706 0.2366611988379168
0.003975374537849417 0.23601654111909484
0.003972183657217635 0.23593408292403922
0.003984222184421518 0.23602741040260847
0.004065704770330258 0.2360425410925485
0.003930783563271695 0.23592406150949125
0.004079557072520798 0.23621492314013817
0.004083509186285005 0.23627883057716992
0.004106474733384409 0.2351059753683762
0.004035578934850921 0.23501482955930214
0.004051651440242741 0.23503947944138934
0.004045382878999228 0.23502672860304835
0.004057340348103315 0.23504141297223213
0.004166033165965509 0.2359166374273742
0.004164116488206513 0.2352764884793147
0.004091730346387713 0.2350427148427003
0.004007365789961403 0.23768555261717572
0.0039679444970210954 0.23741433409223026
0.00402745360382047 0.23791394678729494
0.0041664436142494765 0.23642274529352694
0.004103948562712891 0.23599639107186896
0.004128861203079634 0.23632015100221182
0.004140845391779486 0.23636758049765022
0.004182112956897358 0.2365500488755994
0.004099979029803658 0.23593310727673242
0.004275841422478011 0.2367052009412077
0.004112924737694545 0.2360932561372313
0.004318230972017851 0.2371193150751602
0.004216439469964586 0.23679815776572433
0.004152241269103221 0.23590598593714027
0.004068982875303944 0.23534723000325372
0.004054992541338446 0.23529978262256782
0.004066150211849209 0.23532491295717922
0.00408228145375228 0.23536140288239912
0.004051477266669303 0.23523551783562402
0.004131425956276481 0.23557449085908225
0.004058039906965286 0.2353238731889318
0.004085227641086011 0.23548557481870236
0.0040861841800862286 0.2355207307964221
0.00416062708829808 0.23598952574153004
0.004028271781006212 0.23520557564116792
0.004081959600831413 0.2353484664103112
0.004189427843210685 0.2373256290638146
0.004290346652240534 0.2376785153150396
0.004266690359192662 0.237413389970633
0.004111349558861643 0.2349509535545367
0.00413232858038122 0.23529512094202637
0.004117067968831347 0.23521898278314848
0.004164906146284207 0.23564145670911002
0.00422192255614549 0.23586814515000082
0.004145891879180828 0.23537793894360373
0.004158778654716708 0.23542716260003718
0.004141454033456943 0.23529656824921227
0.0040931807844514605 0.23492249576116794
0.004098915049008436 0.23495378738942088
0.0041588535774743085 0.23527558058929204
0.004116427462512658 0.2350198118863448
0.004117972276610103 0.23503934787564418
0.004083397304629793 0.23490470057007007
0.004077156643799408 0.23488551279546993
0.004126280057984944 0.23506757190258948
0.004221332854922966 0.23549429361113539
0.004151865516774957 0.23508801773109703
0.004137985709315618 0.2350848552005976
0.004104563588117145 0.23499955795690736
0.004153050009930896 0.23543816313489446
0.004140491279107321 0.23534074448411502
0.004111729237392996 0.2353123035545286
0.00412446295861667 0.23533024728053265
0.004059830736176271 0.2352184819548208
0.004087860380119644 0.23526605734395334
0.004066555584771306 0.2359504516180677
0.0041359209366283 0.23598781295889415
0.004145119371695029 0.23601539514995493
0.0042566371731403135 0.2365941365865999
0.004089421452614333 0.23595375743369695
0.004218969211263818 0.2363902463452642
0.00415990968444589 0.23603564574434713
0.00413906880939487 0.23598971551239079
0.004211303985928061 0.23604206258899016
0.004121384160190409 0.23597580049192976
0.004286194183384418 0.2367796853171734
0.004126160337179326 0.23850443504456637
0.004023871188843574 0.2376729961803039
0.0040306814742040245 0.23843865188157648
0.004023896215275094 0.23808967787285218
0.003921695133911452 0.2357340156796483
0.003947043312216584 0.2358769966516319
0.003929135342357176 0.23586722621140951
0.003977140893368216 0.2359253703654812
0.004070970197164176 0.23600187172571
0.004125536162773362 0.2368162767550487
0.004014836668532416 0.2363302767416146
0.004017112255066245 0.23648788398138942
0.004062589641666166 0.23653106288326062
0.003976315405014384 0.23631082619863655
0.004047254727578496 0.23592568116227347
0.0040500715322619495 0.235988216664878
0.004045603616878631 0.23582740229107726
0.004041070666365132 0.2356441836437127
0.0040815854913359385 0.2360027592921824
0.004100693727300951 0.2360779518216476
0.0040374954035155685 0.23560738558553995
0.004196865650799381 0.23730431842765465
0.004116522609645509 0.23707330895565493
0.004168915286763813 0.23713981584542632
0.004105185765449857 0.2369980719480099
0.004101438476861024 0.23679279546215293
0.004149342445163809 0.23708887973467677
0.004180786563726391 0.23721991387244534
0.004104259669109289 0.2368646817342481
0.004302639974545882 0.23802923365241585
0.004211304202948178 0.2377836462180073
0.004153896587056657 0.23713153307221727
0.0041577996963066775 0.2371358564704072
0.004115718896014101 0.23701969050180277
0.00424448651421873 0.23758686801105092
0.0040730296319398075 0.2362373481911894
0.0040969291297691494 0.23642673824631213
0.0041133321020789945 0.23665865207114153
0.0041256518893432554 0.23733946469928058
0.004048276831212486 0.23489308976049697
0.004146202537672823 0.23625149008578766
0.004065730904593403 0.23600726006252443
0.004059884742026095 0.2352257400241035
0.004060234391164151 0.23533277404560798
0.004106428999146668 0.2348124527369825
0.004142511660722929 0.2349685054992081
0.004179142007742078 0.2350869889844664
0.004172236972761973 0.23502461851483325
0.004129341345983175 0.23496670411791595
0.004233447668311077 0.23532533490577198
0.0041545876813969766 0.23499139527756274
0.00412136744819597 0.23494729786299404
0.004263938300776385 0.23589811949279932
0.00433296855149578 0.2416906954353478
0.004304035679051616 0.24133719331433443
0.0044016937568135996 0.24186447638006692
0.00427704907400552 0.24108967275574314
0.004327188081049551 0.24158559369864702
0.004358675305610786 0.2418572937540799
0.004240172012340732 0.24057661094546895
0.004155430879563484 0.2362996938937769
0.004054571980196979 0.23585329862614512
0.004158975884281151 0.236472100020276
0.004139012057377788 0.23625134280628082
0.004101048996025133 0.23601700607621764
0.004174941281038534 0.23657011845866646
0.00412893371890214 0.2360435090599959
0.00395023863259592 0.23615036947686885
0.003892229540489836 0.2360293097920815
0.004037879876023259 0.23633010448342606
0.00413573748388697 0.2349790809652934
0.004138623165394134 0.23498679721491286
0.004215130865156765 0.23565957240903362
0.0041665319899036515 0.2352688291145183
0.004182421617321164 0.23531766550901742
0.00415830130278207 0.23525317021211375
0.004212492138537244 0.23548799956679123
0.004156705118785569 0.23508021923398242
0.003948373259449187 0.23541393471797578
0.003959294644582785 0.235485655084796
0.0041097471143058525 0.23560705197486484
0.004013010965638774 0.23556721838209685
0.0039563367132977685 0.23541695986020664
0.003972006409566338 0.23552790376575042
0.003965267022157084 0.2355143413981472
0.0041049275898313795 0.23534472177929278
0.004116571617606757 0.23576297293238666
0.004149186897776655 0.23528995464258007
0.004089457225942733 0.23524638259623754
0.004079775360964644 0.23523099026953098
0.00408221353074639 0.2352430419060229
0.004160189563340371 0.23542646484546068
0.004056098525270128 0.23514841290054722
0.004191892305813462 0.23562698876747368
0.004065536344145266 0.23517332704569321
0.004279346815131265 0.2366219735502797
0.0041784483583633255 0.23566633635359555
0.0041235253881680934 0.2354992376399958
0.004125122236372789 0.23553509381795687
0.0041237262948438805 0.23552607883132542
0.0042020131463164105 0.2356673624133166
0.004230777369879158 0.235766975658617
0.004151959391608528 0.2356660856467767
0.004144567009940499 0.2355666048259128
0.0040703943333689025 0.23540221143147363
0.004246996326313663 0.23630618041800228
0.004300585782356403 0.23691902693859987
0.0041495052469331245 0.23804374291897026
0.004042681615145098 0.2377297116277167
0.004008026884424818 0.23725535806325626
0.004170562205163628 0.23636437909424685
0.004165715501467059 0.23598625213239283
0.004250781905024994 0.23680381265061198
0.004326212176770355 0.23768744522512167
0.004226738872506904 0.23662536660102565
0.004227423777899805 0.23671998353708792
0.004216247159481859 0.23661981459614173
0.004296885338076139 0.23685335153235187
0.004216023340220442 0.23647407242976615
0.0039826981912223745 0.23502423572957062
0.004035846901218059 0.2350598164307531
0.003997015946785738 0.23502877562564536
0.0041578223589715975 0.23519480695170036
0.004170037463251755 0.23592738559523532
0.004087256837802239 0.23510348527807137
0.00414413442448148 0.23515030099704015
0.0040413163237913476 0.23509388549448013
0.004132609638231895 0.2351078039606603
0.004188470863947538 0.2353485247672468
0.00421271028375837 0.23556581375997016
0.004258009678506458 0.23587588102540602
0.004229880073588975 0.23580813231019276
0.004289080567232439 0.23637620224852698
0.004245346981257266 0.23582068627661656
0.004224798238187762 0.23567406610409944
0.004218809313025275 0.2356049820346539
0.004215753007723991 0.23551417843139996
0.004276236371568721 0.23600469153733633
0.00418329462395888 0.23534801734899127
0.0042801213686564565 0.23606460045788322
0.004255008559267504 0.23577220603476398
0.0041892179394579804 0.23539607015977373
0.004204746708132156 0.23545834984376596
0.004215002970100775 0.2354783940484573
0.0041498622140183055 0.23523203854279393
0.004236911869102784 0.23568713059978144
0.004179594072183744 0.23530720121005602
0.004057891862981229 0.235171297077612
0.00408627621965072 0.2356480608088584
0.0040836053796106655 0.23539261861795951
0.004136516364025445 0.23597209083673534
0.004021515564085522 0.23512930314998393
0.004112718830423522 0.23574189629731224
0.00402558917307938 0.23515134810781826
0.0039055318476535037 0.23511562598235344
0.003999396447351685 0.23522159780103333
0.003921206698645566 0.23516904302722288
0.004010945155186111 0.23593579094222117
0.004111709600524847 0.23602983914532855
0.004320910945562293 0.23655631956971757
0.004174608358508081 0.23635939354773
0.004199467727988793 0.2355054076819716
0.004191388603381912 0.23548022294361584
0.004221255066356868 0.23587104074347098
0.00412412045928285 0.23536855417133598
0.004242918059424108 0.23605996634143017
0.004176885221869612 0.23540634709490968
0.004130572044249949 0.23539608163312356
0.0040435228750481875 0.2370321213747065
0.003988630950275811 0.236205979016647
0.004039035224997018 0.23674256899075752
0.004042453702066261 0.23676235055690878
0.004168255718235459 0.23693952647591923
0.004131093216610013 0.2369216459917711
0.004115942758349475 0.23683528199811318
0.004265041316780103 0.2374242418900118
0.004115169320313494 0.23680724181345755
0.004076241454702861 0.2366525850131314
0.004127913046427537 0.23688348511837018
0.004098282468503928 0.23670276740402196
0.004114918385552083 0.23678039828361014
0.004166057985425948 0.2369361889584702
0.004152864626115078 0.23775400803018382
0.004286492511627969 0.24006264202765312
0.004126547542468723 0.23747265480154653
0.004153076547447183 0.23778723158390394
0.004255743901970969 0.23785824433086633
0.00414179370205563 0.2377536180171509
0.004094794893615693 0.23566521766200457
0.004078169003030252 0.235288642018374
0.004052638588321991 0.2352766658723941
0.004094091905588581 0.23531710411220436
0.004135842472496547 0.23597960512266414
0.004184566621695705 0.23514264794752338
0.004111123862347327 0.23500129397066322
0.004118657670283882 0.2350653250738989
0.004120093679367508 0.23508626251272363
0.004216097250501787 0.2352830619711676
0.004248046722516105 0.23555735472735487
0.004107724412763967 0.2349818661365904
0.004263002118573704 0.2370220925796173
0.004257197186078409 0.23671576358395852
0.0041578785815907845 0.23644018152390922
0.0042023032279340684 0.2365944535188134
0.0041619921130638185 0.23657927545816035
0.004176888422466148 0.2355881399937219
0.004119572751072508 0.2355688497552354
0.0041863622619176324 0.23739609762347177
