0.034455035631226365 0.02336459517399128
0.0341905963934911 0.021027670056765688
0.03420219495507192 0.02116678274713709
0.03460064646656965 0.02412183489451199
0.03457173365349448 0.02399796848859942
0.03445366096732572 0.023352421827376683
0.03445932250290082 0.02341913135489601
0.03420544204090539 0.021212158020767497
0.034403904209136305 0.023054818657986212
0.03454238021075244 0.023797517799755658
0.03420794840877168 0.021230775293171154
0.03420712937610502 0.021224108522545995
0.03419628312006495 0.021113207810560624
0.03438076048736114 0.022924395506458917
0.034235601591794576 0.021607958058207775
0.034504269291921935 0.023607443116021726
0.03450449718432965 0.023623187694001953
0.03447314515445245 0.023462279190521598
0.03426515077892126 0.021956544831242507
0.034318495053325015 0.022464522780579074
0.034343329346865174 0.022712148976309438
0.03448938103854444 0.023543961778577947
0.034193513468013276 0.021067290353855364
0.034305471089121006 0.022323526211050642
0.034283049632907646 0.022240629077300945
0.03430293151307766 0.022301273224315594
0.03444328732414219 0.023294855740412193
0.034369820289566415 0.022875048022823058
0.03420788403190689 0.021224119154257946
0.034492006495712324 0.02356130812914291
0.034322624700695935 0.022510201399636158
0.03434926331697627 0.022772691602041234
0.03444726064527308 0.023330720020069515
0.03427464313311713 0.02202184798136559
0.03423500766200375 0.02160047647900333
0.03417391070579714 0.020905323057433457
0.03419338931662927 0.021066005596475756
0.03418772592727417 0.021009024840384864
0.03432963633437765 0.02269633098207925
0.03449642385205692 0.02359022120432661
0.03437166918833929 0.022918172918703388
0.034236227317745595 0.021615150852968716
0.03426515077892126 0.021956544831242507
0.03424146230341605 0.021733182314246917
0.03451381443402152 0.023678938325138624
0.034316341554344126 0.022451334775034658
0.0342007064094781 0.02115765213509056
0.0342007064094781 0.02115765213509056
0.03417287099155659 0.020854004206828484
0.03417287099155659 0.020854004206828484
0.0342007064094781 0.02115765213509056
0.0344859377841494 0.023537139641557573
0.03425724051661978 0.02190334683922334
0.03425701680542887 0.02184432592282091
0.03436562444039696 0.022849423955251805
0.034390459413767345 0.023050291508990243
0.03451294775257056 0.023645634217715473
0.034369275351793085 0.022855608531632918
0.034253347083947505 0.021794674439236498
0.03418521993231664 0.020985216712931725
0.03463911683186824 0.02438512448156488
0.03428083475250819 0.022119265608013097
0.03427626049376439 0.022053026798051968
0.03427528987090828 0.022047275613490593
0.03434826708392065 0.022733754533198834
0.03430645017981533 0.022329691558911086
0.034209497918454894 0.02132261729910995
0.03419882482267966 0.02113726825135697
0.0342007064094781 0.02115765213509056
0.034234394092928055 0.021576512571712874
0.03436562663194252 0.022852286636038076
0.03451997325607313 0.023679555476448306
0.03438180103916463 0.022939612599666325
0.03419294979716118 0.021065963565458822
0.03445321536335654 0.023345190442930423
0.034303093385208844 0.022318723551090706
0.034295881671546964 0.02224945680300128
0.03422466897610731 0.021473816050174815
0.03430774180652433 0.022428278205261998
0.03437087243484696 0.022883982672356185
0.03421433221253869 0.021348147615418814
0.034205195353979034 0.021208365949114526
0.034390459413767345 0.023050291508990243
0.03440462688233964 0.023100904980518065
0.03431426774498867 0.022430037096347367
0.03423847712521156 0.021621645652782764
0.0343519753409019 0.02283777520462639
0.03422373106004778 0.0214724463404784
0.03430235232568892 0.022289644843935714
0.03448339755160751 0.023506166143915482
0.03436356635602454 0.02283911274793302
0.03448569868057956 0.023526944008908163
0.03438188273564864 0.022939963373847072
0.03417670254208473 0.020907224268826626
0.034251882030164695 0.021766551583407234
0.03419897156164503 0.02114180829190944
0.03420065550626569 0.02115710068289899
0.03419887572589208 0.021137819703548524
0.034191093085109835 0.02105392726297413
0.03419461874194333 0.02108674483458562
0.034276118850552866 0.022048358499917216
0.03427143148747233 0.022005730328947447
0.034278086966570524 0.022053065971525915
0.03426603759421009 0.021961285980272707
0.034269724404650904 0.021980996643774148
0.034209497918454894 0.02132261729910995
0.03426515077892126 0.021956544831242507
0.03427899554702005 0.022091413280185317
0.034203407949997836 0.0211898736366734
0.03428064126766715 0.022096503887799795
0.034363774033808685 0.022845567016167228
0.034511592239445006 0.023633294495878504
0.03440818034557122 0.023133444610616033
0.034435725518024506 0.023262956616032945
0.03420001360817108 0.021150719416286313
0.03421640352280994 0.02141193142085319
0.03423243496740716 0.021546960846131162
0.03432543401643092 0.022633449005376383
0.03444184391350134 0.023264520060031903
0.03455267609961591 0.023897146704842314
0.03450589015289168 0.023633029295497543
0.03419561575258152 0.021093594974753153
0.03438578760188726 0.02296484905345239
0.03447208275951345 0.023444913931703306
0.03441533719423038 0.023241211194661892
0.03428126631404877 0.022128508376644516
0.034456709250766215 0.023397257700227006
0.034573145485092695 0.0240141438886377
0.03419628312006495 0.021113207810560624
0.03459024098430708 0.024021576205636577
0.034522012927892504 0.02378301404368944
0.034240792180153586 0.021645386353510203
0.03430193555548784 0.0222790296058434
0.034200723277656365 0.021157846283433878
0.03420542517272712 0.021211963872424185
0.03444439343389976 0.023312295137307166
0.03420462117624954 0.021198920618303273
0.03420162366632081 0.021165229816790712
0.03427015973185772 0.021993898421971667
0.03424726063712687 0.02173816460834218
0.03438768853420574 0.02302126488330964
0.03418345596192387 0.020971744438217886
0.03427377328556224 0.02201458606892474
0.03423195125345474 0.021536640314106327
0.03425228862147344 0.021770394284949528
0.03449642385205692 0.02359022120432661
0.03434878346089345 0.022739355759738074
0.03434733857303693 0.02272565011420302
0.0341792650457964 0.020954673516422873
0.03425688012432808 0.021800293827756684
0.03429934641877991 0.02227048662164585
0.03431957598882372 0.02247118575584091
0.03421793119592643 0.021443096182877642
0.034543204043423974 0.023812581540712727
0.03422712773501154 0.021504307685844447
0.034222212139530896 0.02144431640857769
